Filename	1	2	3	4	5	6
_1-1-1-2	189.84839175262357	170.0664194302159	163.37308966520825	164.17852089237738	136.34598062881298	321.4470511208636
_1-1-2	0.744380048150528	165.22808011606813	178.82861114222743	247.23270211127414	133.4640150244426	180.80571315282646	369.30527433430325
_1-1-3-3	203.2380569199406	194.76684810149519	164.42060807135462	152.20243550647794	195.35660652444363	271.4422288450831
_1-1-4	191.92393839537007	212.22399727263985	192.04741773552036	193.66987938150947	189.78774581077263	445.5578694412439
_1-2-1-2	177.61580217512847	228.76030249586066	172.51164830358934	121.76299300731263	139.1064158176456	325.3590262680155
_1-2-2-2	120.5946734157381	131.85846623420517	247.47270169293668	297.3043320029245	192.07348816976278	448.8861689239838
_1-2-3	184.02354530342788	201.10150577823083	194.14544302476233	169.2151391009872	198.66622007400636	296.9406996701789
_1-2-4-2	189.70481762150467	179.9724988794264	155.75508417676863	233.86091420761247	124.41683455406438	415.8466883308234
_1-3-1	125.70323009265682	109.92367281909155	268.3961849383042	152.62935154434842	129.89188042594947	308.1364333180743
_1-3-2-1	155.54177692988412	190.00449992106772	196.79885172542967	182.28401588564645	182.03127894085645	316.9543484982773
_1-3-3-1	119.25287998541049	179.27477960888993	145.15556809430862	148.16777274086434	157.31230976798827	371.9663532180326
_1-3-4-1	177.29926943933012	183.06313384110962	127.39512006760079	126.40649884623612	139.28079288441177	484.5248522331895
_10-1-1-1	158.30192560541957	348.6592545787637
_10-1-2-3	236.7215341722988	493.64419373149957
_10-1-4-2	289.40842542993613	468.0866706953749
_10-2-1-2	213.5589458897532	359.9408107924744
_10-2-2	179.1570640868483	386.8945666518642
_10-2-3-4	316.7279116124658	212.75929556218142
_10-2-4	231.46286575129116	316.7219842231421
_10-3-1-2	230.15502438753998	333.05426723047594
_10-3-1-4	235.48879907449955	293.6422301815221
_10-3-2-1	263.67018963114583	372.24026771455897
_10-3-3-3	258.74856745531054	251.8731971449446
_10-3-4-3	250.5668673047034	304.38001716569016
_2-1-1	175.90446216362454	209.91878857179708	183.9422092410442	198.06101494342408	139.15057790578246	283.69713285577757
_2-1-2-3	203.93217362460726	239.6565465280665	262.5296003129658	187.93217595991064	150.7193753649949	250.6420408008143
_2-1-3-1	201.7718293506545	186.66729621051041	140.25387901947062	187.07137404168896	182.78049057394674	185.14535452359772
_2-1-4-3	185.99483756709645	230.65970641563916	174.2034057973645	164.32821559493672	208.9602788406457	394.5745622613985
_2-2-1-1	221.06484049283497	226.1128664592616	195.52110445215087	145.49194347732674	159.53650836793986	285.7504043056418
_2-2-2-1	200.99944180208257	159.35494481641445	217.7082851168376	307.2814236644026	208.91752038625611	389.4593225873264
_2-2-3	217.09359823838267	246.13989494262523	204.73110873611066	242.70422664625292	192.3475821860392	189.4119698158907
_2-2-4	201.79232057929158	277.9784427407286	190.4199833285234	294.4457149616981	182.10526491301948	169.2228101085629
_2-3-1-2	147.69978082869102	185.08077792476308	176.49817800119294	187.46958901159715	175.00481333942486	265.39941714116424
_2-3-2-1	227.73485877648648	243.5046149993908	171.58801732228613	226.1360844839244	200.7102189556791	329.4846008715635
_2-3-3-1	168.60892280854068	245.86609368877345	161.08940730934506	151.5336885674643	172.07520635840856	167.85376851302547
_2-3-4-2	190.45827371889933	238.3661297087596	141.59813392771125	155.60266527440336	174.34347839577313	216.13470753145725
_3-1-1-1	195.5577588630402	191.4433132687689	116.82766214027274	108.79899817844874	366.7878357635588
_3-1-2-3	206.11703694733365	206.98186351952086	195.15950801461014	165.93806033192783	470.3509835839277
_3-1-3-1	178.83635495486064	163.2935082205823	166.50515470437256	216.8892475753167	329.75544842518167
_3-1-4-1	215.5913817823159	211.0623797856357	156.3335293450875	165.1509588885469	417.78162180375466
_3-2-1-2	193.81879392678846	188.66985213834093	154.52810474982425	157.6924555485939	321.8529080210131
_3-2-2-1	161.46991993823255	94.55400157523786	290.351341726491	201.41974268498376	426.96917830900526
_3-2-3-2	180.76288853301722	229.44961231766686	219.09521011747592	232.44121082586778	325.40403499290795
_3-2-4	188.55087203463182	150.72777833282657	333.8174260018372	138.94844873940082	484.77442132555916
_3-3-1	111.33552978412048	132.1700417603422	144.45788936909187	123.05864931940613	245.1828589971181
_3-3-2-1	211.93329801180656	151.1950224080591	208.12499891399773	219.75721803417647	387.46408947601816
_3-3-3-1	179.15122288742813	159.51771257222114	150.26684767199572	158.13372576331753	317.89778247787524
_3-3-4-1	171.85623572537068	190.63168689717847	90.2181916961543	152.4699030385972	406.20297608847955
_4-1-1-2	223.93299980274685	228.74184383950663	169.44922705745157	141.49787035844375	238.44904803134904
_4-1-2	234.2438469997092	243.287483265536	154.23575103089104	160.58905792992607	279.21098911374133
_4-1-3-1	190.43856361681094	195.0694588318178	196.2804094993932	208.41755252161565	191.78954287883786
_4-1-4	172.1934287884304	151.335315710109	168.05247791178945	170.97452453146587	353.5069838447065
_4-2-1	263.35478125433974	278.4592206904144	162.76437536256694	168.27021280913624	200.9357596215562
_4-2-2-1	197.41664892133352	163.39648224379587	337.55433692977346	247.9510769079527	395.55310117385466
_4-2-3	214.32446820201562	286.2405153340567	303.76624583688414	217.4627248423553	156.23831984315095
_4-2-4	242.37344992018637	308.30236685275986	231.37710377224397	170.44152335965924	237.00286201302134
_4-3-1-1	156.76252943900892	193.2571060112188	178.5648266220794	197.79095561016823
_4-3-2-2	251.65765287697639	298.5418207827749	243.83488905043694	210.24664978274754	304.56121151044766
_4-3-3-2	198.12979274587806	203.99837251282594	183.15399310650537	198.53685299669155	270.47409122614164
_4-3-4-1	191.4089362825488	185.16816389641522	134.0541212304599	137.54684695076236	164.85090849088823
_5-1-1-2	150.1167027486312	110.43879359187969	389.9860127648225
_5-1-2-1	135.37165449598143	151.1170662613101	484.89896842898884
_5-1-3-2	145.80978336042466	179.27388808872303	305.8565102383142
_5-1-4-1	152.33884459739897	192.89694530353546	478.70260042738823
_5-2-1-1	98.6577735178707	165.15912911864265	280.25913225090403
_5-2-2-2	249.92676082653986	140.80380891636045	458.15251162221136
_5-2-3-3	142.00909167292573	187.3059912183721	349.99625765066656
_5-2-4-1	187.11631827412828	132.5523932749908	473.1670168124341
_5-3-1-2	150.79718716697687	154.31979953492748	276.5892174510829
_5-3-2	181.7344918003569	189.13641144201205	398.2887127737629
_5-3-3-2	127.02063492771521	156.61008149042655	355.6487270601791
_5-3-4-1	118.1705288678973	167.2055646168678	512.0340169360003
_6-1-1	205.51582118065681	151.74926973947146	305.21378531435863
_6-1-2	155.34611907974102	146.3133566824449	285.33073550752397
_6-1-3	209.53982711519797	238.97523750304572	159.9181575013059
_6-1-4-1	165.0627582423481	208.02435447399824	426.5986929348368
_6-2-1-1	180.28030384332607	191.23136893596381	335.15688483860697
_6-2-2	387.638710366331	151.45370522488122	340.25553431227405
_6-2-3-1	331.8380707630909	259.74830311111106	164.92422442511412
_6-2-4-2	249.26751716753282	170.56806523114844	246.20215579716177
_6-3-1-1	219.14984338509623	204.74405426782428	317.9689445434066
_6-3-2-1	253.13097914776932	229.04728808383257	256.9815832546407
_6-3-3-3	170.81405681837325	194.45779685809816	248.9410932531677
_6-3-4	144.71216335045023	212.8938556982586	168.35466787836117
_7-1-1	155.2128337816957	172.42848074707524	114.64872583280217	345.20916748710164
_7-1-2	239.09851719772308	166.10495157056815	174.13901305700696	410.3295061019363
_7-1-3	258.91594664458484	146.11952933327422	173.3512936626682	280.3136533398767
_7-1-4	192.31828364646967	159.6932289826955	171.66747288923656	432.2978665261278
_7-2-1	170.30637692774692	118.45571996325727	136.8178346966661	236.6309615922906
_7-2-2	200.80890978021566	242.5870525205165	170.26346056040353	406.6800086392689
_7-2-3	203.67683016244837	166.63895689909447	207.12603492783398	281.979265558715
_7-2-4	184.66577323502798	211.62075316046497	152.37130435675107	507.0695692973661
_7-3-1	140.7779304908787	193.63241442255165	148.36668925233488	223.5312646900025
_7-3-2	162.69485325349498	230.93752065287927	191.53412606404117	323.1648677659433
_7-3-3	161.11918337611954	152.1271373975892	144.1748159243975	291.30348354402423
_7-3-4	153.06301575025006	124.60751199425796	139.39164926851765	403.9151070335901
_8-1-1	156.98394281392146	170.73321606921826	136.26279585441148	275.71239186470376
_8-1-2	227.51461306324111	235.99880151401203	145.29162837647814	304.0206685323219
_8-1-3	214.77049381107815	159.9970152394194	176.41861991624285	143.18032920738565
_8-1-4-1	171.9544284852243	166.01191965528207	167.69254384479183	377.92668344095415
_8-2-1	187.36661310664357	136.4105025449026	144.64912580548284	249.27355486958191
_8-2-2-	210.250291041275	323.3556219565157	258.08689544774563	305.16722742292046
_8-2-3	214.58048102669574	198.3912046042697	217.87634695899305	169.01922673182492
_8-2-4-2	184.46822945268374	233.2980548960412	159.66577843383544	366.7978286535203
_8-3-1-3	207.11524282704303	171.41832156332316	165.4741782165533	271.3372300872763
_8-3-2	194.37622187742483	229.4157823297015	204.5493327480845	248.02399676895993
_8-3-3	185.9832839770164	161.96150875354326	171.6071239957867	179.02057720632115
_8-3-4-2	194.20216526460587	128.80554537918553	159.4870676733745	214.9504637566354
_9-1-1-6	413.0646064458079
_9-1-2-1	453.95498410622696
_9-1-3-5	263.87367443979963
_9-1-4-2	561.5922715463079
_9-2-1-3	389.7184723062993
_9-2-2	458.16885485739687
_9-2-3-3	182.00805443574535
_9-2-4-3	646.573705026852
_9-3-1-2	371.2053337814766
_9-3-2-2	405.92337369753596
_9-3-3-3	272.47552110262825
_9-3-4-3	588.566673340694
